C
Mgb2
 &CONTROL
                 calculation = 'bands' ,
                restart_mode = 'from_scratch' ,
                      outdir = 'temp' ,
                  pseudo_dir = '.' ,
                      prefix = 'Mgb2' ,
                     tstress = .true. ,
                     tprnfor = .true. ,
 /
 &SYSTEM
                       ibrav = 4,
                   celldm(1) = 5.860,
                   celldm(3) = 1.093,
                         nat = 3,
                        ntyp = 2,
                     ecutwfc = 40 ,
                     ecutrho = 160 ,
                 occupations = "smearing" ,
                     degauss = 0.025 ,
 /
 &ELECTRONS
                    conv_thr = 1.0d-7 ,
                 mixing_mode = 'plain' ,
                 mixing_beta = 0.7 ,
 /
ATOMIC_SPECIES
   Mg   24.30500  Fe.pbe-nd-rrkjus.UPF 
    B   10.81000  Fe.pbe-nd-rrkjus.UPF 
ATOMIC_POSITIONS crystal 
   Mg      0.000000000    0.000000000    0.000000000    
    B      0.333333000    0.666666000    0.500000000    
    B      0.666666000    0.333333000    0.500000000    
K_POINTS crystal 
60 
   0.000000000    0.000000000    0.000000000      1.000000000 
   0.000000000    0.000000000    0.055555556      1.000000000 
   0.000000000    0.000000000    0.111111111      1.000000000 
   0.000000000    0.000000000    0.166666667      1.000000000 
   0.000000000    0.000000000    0.222222222      1.000000000 
   0.000000000    0.000000000    0.277777778      1.000000000 
   0.000000000    0.000000000    0.333333333      1.000000000 
   0.000000000    0.000000000    0.388888889      1.000000000 
   0.000000000    0.000000000    0.444444444      1.000000000 
   0.000000000   -0.000000000    0.500000000      1.000000000 
   0.000000000   -0.045454545    0.500000000      1.000000000 
   0.000000000   -0.090909091    0.500000000      1.000000000 
   0.000000000   -0.136363636    0.500000000      1.000000000 
   0.000000000   -0.181818182    0.500000000      1.000000000 
   0.000000000   -0.227272727    0.500000000      1.000000000 
   0.000000000   -0.272727273    0.500000000      1.000000000 
   0.000000000   -0.318181818    0.500000000      1.000000000 
   0.000000000   -0.363636364    0.500000000      1.000000000 
   0.000000000   -0.409090909    0.500000000      1.000000000 
   0.000000000   -0.454545455    0.500000000      1.000000000 
   0.000000000   -0.500000000    0.500000000      1.000000000 
   0.055555000   -0.527778333    0.500000000      1.000000000 
   0.111110000   -0.555556667    0.500000000      1.000000000 
   0.166665000   -0.583335000    0.500000000      1.000000000 
   0.222220000   -0.611113333    0.500000000      1.000000000 
   0.277775000   -0.638891667    0.500000000      1.000000000 
   0.333330000   -0.666670000    0.500000000      1.000000000 
   0.361108333   -0.638891667    0.500000000      1.000000000 
   0.388886667   -0.611113333    0.500000000      1.000000000 
   0.416665000   -0.583335000    0.500000000      1.000000000 
   0.444443333   -0.555556667    0.500000000      1.000000000 
   0.472221667   -0.527778333    0.500000000      1.000000000 
   0.500000000   -0.500000000    0.500000000      1.000000000 
   0.527778333   -0.472221667    0.500000000      1.000000000 
   0.555556667   -0.444443333    0.500000000      1.000000000 
   0.583335000   -0.416665000    0.500000000      1.000000000 
   0.611113333   -0.388886667    0.500000000      1.000000000 
   0.638891667   -0.361108333    0.500000000      1.000000000 
   0.666670000   -0.333330000    0.500000000      1.000000000 
   0.666670000   -0.333330000    0.444444444      1.000000000 
   0.666670000   -0.333330000    0.388888889      1.000000000 
   0.666670000   -0.333330000    0.333333333      1.000000000 
   0.666670000   -0.333330000    0.277777778      1.000000000 
   0.666670000   -0.333330000    0.222222222      1.000000000 
   0.666670000   -0.333330000    0.166666667      1.000000000 
   0.666670000   -0.333330000    0.111111111      1.000000000 
   0.666670000   -0.333330000    0.055555556      1.000000000 
   0.666670000   -0.333330000    0.000000000      1.000000000 
   0.611114167   -0.305552500    0.000000000      1.000000000 
   0.555558333   -0.277775000    0.000000000      1.000000000 
   0.500002500   -0.249997500    0.000000000      1.000000000 
   0.444446667   -0.222220000    0.000000000      1.000000000 
   0.388890833   -0.194442500    0.000000000      1.000000000 
   0.333335000   -0.166665000    0.000000000      1.000000000 
   0.277779167   -0.138887500    0.000000000      1.000000000 
   0.222223333   -0.111110000    0.000000000      1.000000000 
   0.166667500   -0.083332500    0.000000000      1.000000000 
   0.111111667   -0.055555000    0.000000000      1.000000000 
   0.055555833   -0.027777500    0.000000000      1.000000000 
   0.000000000    0.000000000    0.000000000      1.000000000 

